#1 Multiply -----------------
Digit Time
1   0.0
10  0.0
50 0.004
100 0.008
500 0.02
1000 0.199
2000 0.603
4000 1.753

#2 Ternary Search
DATASIZE Time
1   0.000023
10  0.000025
100 0.000025
1000    0.000023
5000   0.000027
50000  0.000031
100000  0.000034
250000 0.000036
400000 0.000038
500000  0.000039

#3 Half Ternary Search
DATASIZE Time
1 0.000010
10  0.000010
100 0.000012
1000 0.000012
5000    0.000014
100000 0.000019
500000  0.000026
1000000 0.000034

#4 MAXMIN 
DATASIZE Time
1   0.000001
10  0.000003
100 0.000007
1000    0.000050
5000    0.000268
10000 0.000321
50000  0.001076
100000   0.002146
500000  0.009510

#5 ClosestPair
2   0.000
10  0.00023
100 0.00088
500 0.00595
1000    0.01601
5000    0.06343
10000   0.13813
50000   0.8001
100000  1.94391

#6 MaxJump
1   0.000002
10  0.000002
100 0.000009
1000 0.000027
5000    0.000141
10000   0.000257
50000   0.001142
100000  0.002280

#7 Fibonacci
1   4.48226928711e-05
10  5.22136688232e-05
100 5.98430633545e-05
1000 6.69956207275e-05
2500    7.00950622559e-05
5000    8.20159912109e-05

#8 Majority 


#9 MYOWN KFLIP
10  9.05990600586e-06
100  1.21593475342e-05
1000    1.09672546387e-05
5000    1.59740447998e-05
10000   1.8835067749e-05
50000   2.50339508057e-05
100000  3.38554382324e-05
500000  3.88622283936e-05

