
0 5 8 8 12 13 14 14 15 15 
16 16 17 18 18 22 23 24 24 25 
26 27 27 28 28 29 29 29 29 30 
30 30 32 32 32 32 33 35 37 38 
38 39 39 40 42 42 43 43 44 45 
46 48 49 52 53 59 59 59 60 60 
61 61 62 62 63 65 65 65 66 67 
68 70 70 70 70 70 71 71 72 73 
73 75 76 76 79 80 83 84 85 85 
85 86 87 87 88 89 89 89 92 93 
94 95 95 96 96 97 98 99 101 124 
125 136 168 171 173 179 199 212 227 230 
277 282 306 314 316 325 328 336 337 339 
363 365 367 368 369 369 371 374 384 387 
394 400 404 414 422 422 427 430 435 457 
493 495 506 527 531 538 540 541 543 546 
548 568 583 585 587 650 652 677 691 730 
737 740 751 755 764 778 783 785 789 794 
803 809 815 847 849 858 863 863 874 887 
889 896 916 920 926 927 928 930 933 957 
981 997 1090 1316 1396 1424 1533 1732 1876 2308 
2365 2402 2570 2654 2757 2780 2865 3061 3072 3138 
3370 3371 3429 3529 3587 3753 3787 3898 3929 3932 
4025 4046 4070 4327 4373 4424 4922 5014 5063 5126 
5201 5214 5371 5389 5406 5437 5739 5785 5791 5860 
6094 6127 6229 6232 6330 6416 6432 6508 6652 6811 
6865 6918 6999 7087 7181 7279 7284 7376 7542 7742 
7766 7796 8045 8097 8170 8318 8338 8459 8540 8589 
8693 8817 8983 9173 9175 9386 9585 9679 9805 9935 
9959 